[HitObjects]
329,192,1267,5,0,0:0:0:0:
182,192,1478,1,0,0:0:0:0:
402,192,1690,1,0,0:0:0:0:
182,192,1901,1,0,0:0:0:0:
475,192,2112,128,0,2535:0:0:0:0:
182,192,2535,1,0,0:0:0:0:
329,192,2746,128,0,3169:0:0:0:0:
182,192,3169,1,0,0:0:0:0:
402,192,3380,1,0,0:0:0:0:
182,192,3591,1,0,0:0:0:0:
475,192,3802,128,0,4225:0:0:0:0:
182,192,4225,1,0,0:0:0:0:
329,192,4647,1,0,0:0:0:0:
182,192,4859,1,0,0:0:0:0:
402,192,5070,1,0,0:0:0:0:
182,192,5281,1,0,0:0:0:0:
402,192,5492,1,0,0:0:0:0:
182,192,5704,1,0,0:0:0:0:
329,192,5915,1,0,0:0:0:0:
402,192,6126,128,0,6549:0:0:0:0:
182,192,6549,1,0,0:0:0:0:
402,192,6760,1,0,0:0:0:0:
402,192,6971,1,0,0:0:0:0:
329,192,7183,1,0,0:0:0:0:
182,192,7394,1,0,0:0:0:0:
402,192,7605,1,0,0:0:0:0:
109,192,8028,1,0,0:0:0:0:
182,192,8239,1,0,0:0:0:0:
256,192,8450,1,0,0:0:0:0:
329,192,8661,1,0,0:0:0:0:
475,192,8873,1,0,0:0:0:0:
329,192,9084,1,0,0:0:0:0:
402,192,9295,1,0,0:0:0:0:
256,192,9507,1,0,0:0:0:0:
256,192,9929,1,0,0:0:0:0:
256,192,10352,1,0,0:0:0:0:
402,192,10774,1,0,0:0:0:0:
329,192,10985,1,0,0:0:0:0:
256,192,11197,1,0,0:0:0:0:
182,192,11408,1,0,0:0:0:0:
109,192,11619,1,0,0:0:0:0:
109,192,11830,1,0,0:0:0:0:
109,192,12042,1,0,0:0:0:0:
109,192,12253,1,0,0:0:0:0:
109,192,12464,1,0,0:0:0:0:
109,192,12676,1,0,0:0:0:0:
109,192,12887,128,0,14366:0:0:0:0:
402,192,13098,1,0,0:0:0:0:
402,192,13521,1,0,0:0:0:0:
402,192,13943,1,0,0:0:0:0:
402,192,14366,1,0,0:0:0:0:
329,192,14788,128,0,15000:0:0:0:0:
329,192,15211,128,0,15422:0:0:0:0:
329,192,15633,1,0,0:0:0:0:
256,192,15845,1,0,0:0:0:0:
182,192,16056,1,0,0:0:0:0:
475,192,16267,128,0,16478:0:0:0:0:
402,192,16690,128,0,16901:0:0:0:0:
329,192,17112,128,0,17323:0:0:0:0:
402,192,17535,1,0,0:0:0:0:
256,192,17746,1,0,0:0:0:0:
109,192,17957,1,0,0:0:0:0:
402,192,18169,128,0,18591:0:0:0:0:
182,192,18591,1,0,0:0:0:0:
182,192,18802,128,0,19647:0:0:0:0:
329,192,19859,128,0,20492:0:0:0:0:
182,192,20492,1,0,0:0:0:0:
182,192,20915,1,0,0:0:0:0:
256,192,21126,1,0,0:0:0:0:
329,192,21338,1,0,0:0:0:0:
402,192,21549,128,0,21760:0:0:0:0:
402,192,21971,128,0,22183:0:0:0:0:
402,192,22394,1,0,0:0:0:0:
329,192,22605,1,0,0:0:0:0:
256,192,22816,1,0,0:0:0:0:
402,192,23028,1,0,0:0:0:0:
109,192,23450,1,0,0:0:0:0:
256,192,23661,1,0,0:0:0:0:
402,192,23873,1,0,0:0:0:0:
475,192,24084,1,0,0:0:0:0:
182,192,24295,1,0,0:0:0:0:
256,192,24507,1,0,0:0:0:0:
329,192,24718,1,0,0:0:0:0:
256,192,24929,128,0,25774:0:0:0:0:
109,192,24929,1,0,0:0:0:0:
109,192,25352,1,0,0:0:0:0:
109,192,25774,1,0,0:0:0:0:
402,192,25985,1,0,0:0:0:0:
329,192,26197,1,0,0:0:0:0:
256,192,26408,128,0,27887:0:0:0:0:
109,192,26619,1,0,0:0:0:0:
109,192,27042,1,0,0:0:0:0:
109,192,27464,1,0,0:0:0:0:
109,192,27887,1,0,0:0:0:0:
182,192,28309,1,0,0:0:0:0:
329,192,28521,1,0,0:0:0:0:
256,192,28732,1,0,0:0:0:0:
182,192,28943,1,0,0:0:0:0:
329,192,29154,1,0,0:0:0:0:
256,192,29366,1,0,0:0:0:0:
182,192,29577,1,0,0:0:0:0:
329,192,29788,128,0,30211:0:0:0:0:
182,192,30211,1,0,0:0:0:0:
256,192,30633,1,0,0:0:0:0:
109,192,30845,128,0,31267:0:0:0:0:
329,192,31267,1,0,0:0:0:0:
329,192,31901,1,0,0:0:0:0:
256,192,32112,1,0,0:0:0:0:
182,192,32323,1,0,0:0:0:0:
329,192,32535,1,0,0:0:0:0:
256,192,32746,1,0,0:0:0:0:
182,192,32957,1,0,0:0:0:0:
329,192,33169,128,0,33591:0:0:0:0:
182,192,33591,128,0,34014:0:0:0:0:
329,192,34014,1,0,0:0:0:0:
256,192,34225,128,0,34647:0:0:0:0:
182,192,34647,1,0,0:0:0:0:
182,192,35070,1,0,0:0:0:0:
402,192,35281,1,0,0:0:0:0:
329,192,35492,1,0,0:0:0:0:
256,192,35704,1,0,0:0:0:0:
329,192,35915,1,0,0:0:0:0:
256,192,36126,1,0,0:0:0:0:
182,192,36338,1,0,0:0:0:0:
329,192,36549,128,0,36971:0:0:0:0:
182,192,36971,1,0,0:0:0:0:
109,192,37183,1,0,0:0:0:0:
329,192,37394,1,0,0:0:0:0:
256,192,37816,1,0,0:0:0:0:
109,192,38028,1,0,0:0:0:0:
182,192,38239,128,0,41830:0:0:0:0:
329,192,38450,1,0,0:0:0:0:
329,192,38873,1,0,0:0:0:0:
329,192,39295,1,0,0:0:0:0:
329,192,39718,1,0,0:0:0:0:
329,192,40140,1,0,0:0:0:0:
329,192,40563,1,0,0:0:0:0:
329,192,40985,1,0,0:0:0:0:
329,192,41408,1,0,0:0:0:0:
329,192,41830,1,0,0:0:0:0:
402,192,42042,1,0,0:0:0:0:
109,192,42042,1,0,0:0:0:0:
329,192,42253,1,0,0:0:0:0:
182,192,42464,1,0,0:0:0:0:
402,192,42676,1,0,0:0:0:0:
109,192,42676,1,0,0:0:0:0:
329,192,42887,1,0,0:0:0:0:
182,192,43098,1,0,0:0:0:0:
402,192,43309,128,0,43732:0:0:0:0:
256,192,43732,1,0,0:0:0:0:
182,192,44154,1,0,0:0:0:0:
36,192,44366,1,0,0:0:0:0:
109,192,44577,1,0,0:0:0:0:
109,192,44788,1,0,0:0:0:0:
256,192,45211,1,0,0:0:0:0:
402,192,45422,1,0,0:0:0:0:
109,192,45422,1,0,0:0:0:0:
329,192,45633,1,0,0:0:0:0:
182,192,45845,1,0,0:0:0:0:
402,192,46056,1,0,0:0:0:0:
109,192,46056,1,0,0:0:0:0:
329,192,46267,1,0,0:0:0:0:
182,192,46478,1,0,0:0:0:0:
329,192,46690,1,0,0:0:0:0:
402,192,47112,128,0,47535:0:0:0:0:
329,192,47535,1,0,0:0:0:0:
256,192,47746,1,0,0:0:0:0:
109,192,47957,1,0,0:0:0:0:
109,192,48169,1,0,0:0:0:0:
256,192,48591,1,0,0:0:0:0:
109,192,48802,1,0,0:0:0:0:
402,192,48802,1,0,0:0:0:0:
329,192,49014,1,0,0:0:0:0:
182,192,49225,1,0,0:0:0:0:
402,192,49436,1,0,0:0:0:0:
109,192,49436,1,0,0:0:0:0:
329,192,49647,1,0,0:0:0:0:
182,192,49859,1,0,0:0:0:0:
182,192,50070,1,0,0:0:0:0:
256,192,50281,1,0,0:0:0:0:
182,192,50492,1,0,0:0:0:0:
329,192,50704,1,0,0:0:0:0:
256,192,50915,1,0,0:0:0:0:
329,192,51126,1,0,0:0:0:0:
256,192,51338,1,0,0:0:0:0:
182,192,51549,1,0,0:0:0:0:
402,192,51760,1,0,0:0:0:0:
182,192,51971,1,0,0:0:0:0:
329,192,51971,128,0,54507:0:0:0:0:
182,192,52183,1,0,0:0:0:0:
182,192,52394,1,0,0:0:0:0:
182,192,52605,1,0,0:0:0:0:
182,192,52816,1,0,0:0:0:0:
182,192,53028,1,0,0:0:0:0:
182,192,53239,1,0,0:0:0:0:
182,192,53450,1,0,0:0:0:0:
182,192,53661,1,0,0:0:0:0:
182,192,53873,1,0,0:0:0:0:
182,192,54084,1,0,0:0:0:0:
182,192,54295,1,0,0:0:0:0:
182,192,54507,1,0,0:0:0:0:
256,192,54929,1,0,0:0:0:0:
402,192,55352,128,0,55985:0:0:0:0:
182,192,55985,128,0,56619:0:0:0:0:
329,192,56619,128,0,57042:0:0:0:0:
109,192,57042,128,0,57676:0:0:0:0:
256,192,57676,128,0,58309:0:0:0:0:
182,192,58309,128,0,58732:0:0:0:0:
402,192,58732,128,0,59366:0:0:0:0:
109,192,59154,1,0,0:0:0:0:
36,192,59366,128,0,59788:0:0:0:0:
329,192,60000,1,0,0:0:0:0:
182,192,60211,1,0,0:0:0:0:
329,192,60422,1,0,0:0:0:0:
182,192,60845,1,0,0:0:0:0:
329,192,61267,1,0,0:0:0:0:
182,192,61690,1,0,0:0:0:0:
109,192,62112,1,0,0:0:0:0:
402,192,62112,1,0,0:0:0:0:
329,192,62323,1,0,0:0:0:0:
182,192,62535,1,0,0:0:0:0:
402,192,62746,1,0,0:0:0:0:
109,192,62746,1,0,0:0:0:0:
329,192,62957,1,0,0:0:0:0:
182,192,63169,1,0,0:0:0:0:
109,192,63380,1,0,0:0:0:0:
402,192,63380,1,0,0:0:0:0:
256,192,63591,1,0,0:0:0:0:
402,192,63802,1,0,0:0:0:0:
109,192,63802,1,0,0:0:0:0:
329,192,64014,1,0,0:0:0:0:
182,192,64225,1,0,0:0:0:0:
109,192,64436,1,0,0:0:0:0:
402,192,64436,1,0,0:0:0:0:
329,192,64647,1,0,0:0:0:0:
182,192,64859,1,0,0:0:0:0:
329,192,65070,1,0,0:0:0:0:
182,192,65281,1,0,0:0:0:0:
329,192,65492,1,0,0:0:0:0:
182,192,65492,1,0,0:0:0:0:
182,192,65704,1,0,0:0:0:0:
329,192,65915,1,0,0:0:0:0:
182,192,65915,1,0,0:0:0:0:
182,192,66126,1,0,0:0:0:0:
329,192,66338,1,0,0:0:0:0:
182,192,66338,1,0,0:0:0:0:
182,192,66549,1,0,0:0:0:0:
329,192,66760,1,0,0:0:0:0:
182,192,66760,1,0,0:0:0:0:
182,192,66971,1,0,0:0:0:0:
329,192,67183,1,0,0:0:0:0:
182,192,67183,1,0,0:0:0:0:
182,192,68239,1,0,0:0:0:0:
329,192,68450,1,0,0:0:0:0:
182,192,68661,1,0,0:0:0:0:
402,192,68873,128,0,69084:0:0:0:0:
109,192,68873,128,0,69084:0:0:0:0:
109,192,69295,128,0,69507:0:0:0:0:
402,192,69295,128,0,69507:0:0:0:0:
402,192,69718,128,0,69929:0:0:0:0:
109,192,69718,128,0,69929:0:0:0:0:
475,192,70140,1,0,0:0:0:0:
402,192,70352,1,0,0:0:0:0:
256,192,70774,1,0,0:0:0:0:
182,192,70985,1,0,0:0:0:0:
329,192,71197,128,0,71408:0:0:0:0:
182,192,71619,1,0,0:0:0:0:
329,192,71830,1,0,0:0:0:0:
402,192,72042,1,0,0:0:0:0:
109,192,72253,128,0,72676:0:0:0:0:
402,192,72676,128,0,72887:0:0:0:0:
256,192,73098,1,0,0:0:0:0:
109,192,73309,1,0,0:0:0:0:
109,192,73521,1,0,0:0:0:0:
402,192,73521,1,0,0:0:0:0:
256,192,73732,128,0,73943:0:0:0:0:
329,192,74154,1,0,0:0:0:0:
256,192,74366,1,0,0:0:0:0:
329,192,74577,1,0,0:0:0:0:
329,192,75000,128,0,75422:0:0:0:0:
182,192,75422,1,0,0:0:0:0:
256,192,75633,128,0,75845:0:0:0:0:
109,192,76056,1,0,0:0:0:0:
402,192,76267,128,0,76901:0:0:0:0:
182,192,76690,128,0,76901:0:0:0:0:
402,192,77112,1,0,0:0:0:0:
329,192,77323,128,0,77746:0:0:0:0:
109,192,77746,1,0,0:0:0:0:
182,192,77957,128,0,78169:0:0:0:0:
329,192,78380,128,0,78591:0:0:0:0:
182,192,79014,128,0,79436:0:0:0:0:
402,192,79647,128,0,80070:0:0:0:0:
36,192,80070,128,0,81549:0:0:0:0:
475,192,80492,128,0,81549:0:0:0:0:
329,192,81760,1,0,0:0:0:0:
182,192,81971,1,0,0:0:0:0:
329,192,82183,1,0,0:0:0:0:
109,192,82394,1,0,0:0:0:0:
402,192,82394,1,0,0:0:0:0:
109,192,82816,1,0,0:0:0:0:
402,192,82816,1,0,0:0:0:0:
109,192,83239,1,0,0:0:0:0:
402,192,83239,1,0,0:0:0:0:
475,192,83661,1,0,0:0:0:0:
256,192,83873,1,0,0:0:0:0:
36,192,84295,1,0,0:0:0:0:
329,192,84507,1,0,0:0:0:0:
182,192,84718,1,0,0:0:0:0:
109,192,85140,1,0,0:0:0:0:
36,192,85352,1,0,0:0:0:0:
109,192,85563,1,0,0:0:0:0:
109,192,85774,1,0,0:0:0:0:
402,192,85774,1,0,0:0:0:0:
256,192,86197,1,0,0:0:0:0:
475,192,86619,1,0,0:0:0:0:
36,192,86619,1,0,0:0:0:0:
256,192,86830,1,0,0:0:0:0:
109,192,87253,1,0,0:0:0:0:
256,192,87676,1,0,0:0:0:0:
402,192,87887,1,0,0:0:0:0:
256,192,88098,1,0,0:0:0:0:
109,192,88521,128,0,88943:0:0:0:0:
402,192,88943,1,0,0:0:0:0:
182,192,89154,128,0,89577:0:0:0:0:
329,192,89577,1,0,0:0:0:0:
256,192,89788,1,0,0:0:0:0:
329,192,90211,1,0,0:0:0:0:
402,192,90633,1,0,0:0:0:0:
182,192,90845,128,0,91267:0:0:0:0:
329,192,91267,1,0,0:0:0:0:
256,192,91478,1,0,0:0:0:0:
182,192,91901,1,0,0:0:0:0:
256,192,92323,128,0,94436:0:0:0:0:
109,192,92535,1,0,0:0:0:0:
402,192,92957,1,0,0:0:0:0:
109,192,93380,1,0,0:0:0:0:
402,192,93802,1,0,0:0:0:0:
109,192,94225,1,0,0:0:0:0:
402,192,94647,1,0,0:0:0:0:
109,192,95070,1,0,0:0:0:0:
402,192,95492,1,0,0:0:0:0:
256,192,95915,1,0,0:0:0:0:
256,192,96126,1,0,0:0:0:0:
256,192,96338,1,0,0:0:0:0:
256,192,96971,1,0,0:0:0:0:
256,192,97394,1,0,0:0:0:0:
256,192,97605,1,0,0:0:0:0:
256,192,97816,1,0,0:0:0:0:
256,192,98028,1,0,0:0:0:0:
402,192,98239,1,0,0:0:0:0:
109,192,98450,1,0,0:0:0:0:
256,192,98661,1,0,0:0:0:0:
109,192,99295,1,0,0:0:0:0:
475,192,99295,1,0,0:0:0:0:
109,192,99507,1,0,0:0:0:0:
402,192,99507,1,0,0:0:0:0:
109,192,99718,1,0,0:0:0:0:
329,192,99718,1,0,0:0:0:0:
109,192,100352,1,0,0:0:0:0:
402,192,100352,1,0,0:0:0:0:
256,192,100774,1,0,0:0:0:0:
256,192,100985,1,0,0:0:0:0:
256,192,101197,1,0,0:0:0:0:
256,192,101408,1,0,0:0:0:0:
109,192,101619,128,0,101830:0:0:0:0:
402,192,101830,128,0,102042:0:0:0:0:
109,192,102042,128,0,102253:0:0:0:0:
256,192,102464,1,0,0:0:0:0:
182,192,102676,1,0,0:0:0:0:
329,192,102676,1,0,0:0:0:0:
109,192,102887,1,0,0:0:0:0:
402,192,102887,1,0,0:0:0:0:
36,192,103098,1,0,0:0:0:0:
475,192,103098,1,0,0:0:0:0:
256,192,103732,128,0,103943:0:0:0:0:
256,192,104154,128,0,104366:0:0:0:0:
256,192,104577,128,0,104788:0:0:0:0:
256,192,105000,1,0,0:0:0:0:
36,192,105422,1,0,0:0:0:0:
475,192,105422,1,0,0:0:0:0:
109,192,105633,1,0,0:0:0:0:
402,192,105633,1,0,0:0:0:0:
182,192,105845,1,0,0:0:0:0:
329,192,105845,1,0,0:0:0:0:
256,192,106056,1,0,0:0:0:0:
256,192,106267,1,0,0:0:0:0:
182,192,106478,1,0,0:0:0:0:
329,192,106478,1,0,0:0:0:0:
36,192,107112,128,0,107323:0:0:0:0:
475,192,107112,128,0,107323:0:0:0:0:
109,192,107535,128,0,107746:0:0:0:0:
402,192,107535,128,0,107746:0:0:0:0:
182,192,107957,128,0,108169:0:0:0:0:
329,192,107957,128,0,108169:0:0:0:0:
256,192,109436,1,0,0:0:0:0:
109,192,109647,1,0,0:0:0:0:
402,192,109647,1,0,0:0:0:0:
329,192,109859,1,0,0:0:0:0:
182,192,110070,1,0,0:0:0:0:
109,192,110281,1,0,0:0:0:0:
402,192,110281,1,0,0:0:0:0:
256,192,110492,1,0,0:0:0:0:
109,192,110704,1,0,0:0:0:0:
402,192,110704,1,0,0:0:0:0:
329,192,110915,128,0,111338:0:0:0:0:
182,192,111338,128,0,111549:0:0:0:0:
109,192,111760,1,0,0:0:0:0:
256,192,111971,1,0,0:0:0:0:
256,192,112183,1,0,0:0:0:0:
256,192,112394,1,0,0:0:0:0:
109,192,112816,1,0,0:0:0:0:
256,192,113028,128,0,113450:0:0:0:0:
475,192,113028,1,0,0:0:0:0:
402,192,113239,1,0,0:0:0:0:
329,192,113450,1,0,0:0:0:0:
36,192,113661,1,0,0:0:0:0:
256,192,113661,128,0,114084:0:0:0:0:
109,192,113873,1,0,0:0:0:0:
182,192,114084,1,0,0:0:0:0:
402,192,114295,128,0,114507:0:0:0:0:
109,192,114295,128,0,114929:0:0:0:0:
475,192,114718,128,0,114929:0:0:0:0:
402,192,115140,1,0,0:0:0:0:
329,192,115352,1,0,0:0:0:0:
182,192,115563,1,0,0:0:0:0:
182,192,115774,1,0,0:0:0:0:
402,192,116408,128,0,116830:0:0:0:0:
109,192,116408,1,0,0:0:0:0:
182,192,116619,1,0,0:0:0:0:
256,192,116830,1,0,0:0:0:0:
402,192,117042,1,0,0:0:0:0:
109,192,117042,128,0,117464:0:0:0:0:
329,192,117253,1,0,0:0:0:0:
256,192,117464,1,0,0:0:0:0:
329,192,117676,128,0,118309:0:0:0:0:
109,192,118098,128,0,118309:0:0:0:0:
402,192,118521,1,0,0:0:0:0:
402,192,118732,1,0,0:0:0:0:
256,192,118943,1,0,0:0:0:0:
109,192,119154,1,0,0:0:0:0:
182,192,119366,128,0,121267:0:0:0:0:
402,192,119577,1,0,0:0:0:0:
329,192,120000,1,0,0:0:0:0:
402,192,120422,1,0,0:0:0:0:
329,192,120845,1,0,0:0:0:0:
402,192,121267,1,0,0:0:0:0:
329,192,121690,1,0,0:0:0:0:
402,192,122112,1,0,0:0:0:0:
329,192,122323,1,0,0:0:0:0:
109,192,122535,1,0,0:0:0:0:
109,192,122746,1,0,0:0:0:0:
36,192,122957,1,0,0:0:0:0:
402,192,123169,1,0,0:0:0:0:
329,192,123380,1,0,0:0:0:0:
256,192,123591,1,0,0:0:0:0:
402,192,123802,1,0,0:0:0:0:
329,192,124014,1,0,0:0:0:0:
256,192,124225,1,0,0:0:0:0:
402,192,124436,128,0,124859:0:0:0:0:
329,192,124859,128,0,125070:0:0:0:0:
256,192,125281,1,0,0:0:0:0:
109,192,125492,1,0,0:0:0:0:
182,192,125704,1,0,0:0:0:0:
182,192,125915,1,0,0:0:0:0:
109,192,126549,1,0,0:0:0:0:
182,192,126760,1,0,0:0:0:0:
256,192,126971,1,0,0:0:0:0:
109,192,127183,1,0,0:0:0:0:
182,192,127394,1,0,0:0:0:0:
256,192,127605,1,0,0:0:0:0:
109,192,127816,128,0,128239:0:0:0:0:
182,192,128239,128,0,128450:0:0:0:0:
256,192,128661,1,0,0:0:0:0:
402,192,128873,1,0,0:0:0:0:
329,192,129084,1,0,0:0:0:0:
329,192,129295,1,0,0:0:0:0:
475,192,129929,1,0,0:0:0:0:
36,192,129929,1,0,0:0:0:0:
109,192,130140,1,0,0:0:0:0:
402,192,130140,1,0,0:0:0:0:
182,192,130352,1,0,0:0:0:0:
329,192,130352,1,0,0:0:0:0:
36,192,130563,1,0,0:0:0:0:
475,192,130563,1,0,0:0:0:0:
109,192,130774,1,0,0:0:0:0:
402,192,130774,1,0,0:0:0:0:
182,192,130985,1,0,0:0:0:0:
329,192,130985,1,0,0:0:0:0:
329,192,131197,128,0,131408:0:0:0:0:
182,192,131197,128,0,131408:0:0:0:0:
109,192,131619,128,0,131830:0:0:0:0:
402,192,131619,128,0,131830:0:0:0:0:
256,192,132042,1,0,0:0:0:0:
402,192,132253,1,0,0:0:0:0:
256,192,132464,1,0,0:0:0:0:
109,192,132676,1,0,0:0:0:0:
402,192,132887,128,0,133309:0:0:0:0:
109,192,132887,128,0,133521:0:0:0:0:
402,192,133521,1,0,0:0:0:0:
109,192,133732,1,0,0:0:0:0:
329,192,133943,1,0,0:0:0:0:
182,192,134154,1,0,0:0:0:0:
329,192,134366,1,0,0:0:0:0:
182,192,134577,1,0,0:0:0:0:
256,192,134788,1,0,0:0:0:0:
256,192,135845,1,0,0:0:0:0:
402,192,136056,1,0,0:0:0:0:
256,192,136267,1,0,0:0:0:0:
36,192,136478,1,0,0:0:0:0:
402,192,136478,128,0,136690:0:0:0:0:
109,192,136901,1,0,0:0:0:0:
402,192,136901,128,0,137112:0:0:0:0:
36,192,137323,1,0,0:0:0:0:
402,192,137323,128,0,137535:0:0:0:0:
109,192,137746,1,0,0:0:0:0:
475,192,137746,1,0,0:0:0:0:
402,192,137957,128,0,138169:0:0:0:0:
36,192,138169,1,0,0:0:0:0:
329,192,138380,1,0,0:0:0:0:
109,192,138591,1,0,0:0:0:0:
256,192,138591,1,0,0:0:0:0:
475,192,138802,1,0,0:0:0:0:
36,192,139014,1,0,0:0:0:0:
402,192,139225,1,0,0:0:0:0:
329,192,139436,1,0,0:0:0:0:
109,192,139436,1,0,0:0:0:0:
402,192,139647,1,0,0:0:0:0:
36,192,139859,1,0,0:0:0:0:
402,192,140281,128,0,140492:0:0:0:0:
109,192,140281,1,0,0:0:0:0:
475,192,140704,1,0,0:0:0:0:
36,192,140704,1,0,0:0:0:0:
402,192,140915,1,0,0:0:0:0:
256,192,141126,1,0,0:0:0:0:
109,192,141126,1,0,0:0:0:0:
329,192,141338,1,0,0:0:0:0:
36,192,141549,1,0,0:0:0:0:
256,192,141760,1,0,0:0:0:0:
329,192,141971,1,0,0:0:0:0:
109,192,141971,1,0,0:0:0:0:
402,192,142183,1,0,0:0:0:0:
36,192,142394,1,0,0:0:0:0:
329,192,142605,128,0,142816:0:0:0:0:
109,192,142816,1,0,0:0:0:0:
256,192,143028,1,0,0:0:0:0:
329,192,143239,128,0,143450:0:0:0:0:
36,192,143239,1,0,0:0:0:0:
109,192,143661,1,0,0:0:0:0:
402,192,143873,128,0,144084:0:0:0:0:
36,192,144084,1,0,0:0:0:0:
329,192,144295,128,0,144507:0:0:0:0:
109,192,144507,1,0,0:0:0:0:
402,192,144718,1,0,0:0:0:0:
256,192,144929,128,0,145140:0:0:0:0:
36,192,144929,1,0,0:0:0:0:
109,192,145352,1,0,0:0:0:0:
402,192,145563,1,0,0:0:0:0:
36,192,145774,1,0,0:0:0:0:
475,192,145985,1,0,0:0:0:0:
109,192,146197,1,0,0:0:0:0:
329,192,146619,128,0,147042:0:0:0:0:
36,192,146619,1,0,0:0:0:0:
109,192,147042,1,0,0:0:0:0:
402,192,147253,128,0,147464:0:0:0:0:
36,192,147464,1,0,0:0:0:0:
475,192,147676,1,0,0:0:0:0:
109,192,147887,1,0,0:0:0:0:
402,192,148098,128,0,148943:0:0:0:0:
36,192,148309,1,0,0:0:0:0:
109,192,148732,1,0,0:0:0:0:
36,192,149154,1,0,0:0:0:0:
402,192,149366,1,0,0:0:0:0:
475,192,149577,1,0,0:0:0:0:
109,192,149577,1,0,0:0:0:0:
402,192,149788,1,0,0:0:0:0:
475,192,150000,128,0,150211:0:0:0:0:
36,192,150000,1,0,0:0:0:0:
475,192,150422,128,0,150633:0:0:0:0:
109,192,150422,1,0,0:0:0:0:
475,192,150845,128,0,151056:0:0:0:0:
36,192,150845,1,0,0:0:0:0:
402,192,151267,1,0,0:0:0:0:
109,192,151267,1,0,0:0:0:0:
329,192,151478,1,0,0:0:0:0:
36,192,151690,1,0,0:0:0:0:
256,192,151901,1,0,0:0:0:0:
329,192,152112,1,0,0:0:0:0:
109,192,152112,1,0,0:0:0:0:
402,192,152323,1,0,0:0:0:0:
36,192,152535,1,0,0:0:0:0:
329,192,152746,1,0,0:0:0:0:
402,192,152957,1,0,0:0:0:0:
109,192,152957,1,0,0:0:0:0:
329,192,153169,1,0,0:0:0:0:
36,192,153380,1,0,0:0:0:0:
402,192,153802,1,0,0:0:0:0:
109,192,153802,1,0,0:0:0:0:
475,192,154225,1,0,0:0:0:0:
36,192,154225,1,0,0:0:0:0:
402,192,154436,1,0,0:0:0:0:
109,192,154647,1,0,0:0:0:0:
402,192,154859,1,0,0:0:0:0:
36,192,155070,1,0,0:0:0:0:
256,192,155281,1,0,0:0:0:0:
329,192,155492,1,0,0:0:0:0:
109,192,155492,1,0,0:0:0:0:
402,192,155704,1,0,0:0:0:0:
36,192,155915,1,0,0:0:0:0:
402,192,156126,1,0,0:0:0:0:
109,192,156338,1,0,0:0:0:0:
256,192,156549,1,0,0:0:0:0:
329,192,156760,1,0,0:0:0:0:
36,192,156760,1,0,0:0:0:0:
402,192,157183,1,0,0:0:0:0:
109,192,157183,1,0,0:0:0:0:
256,192,157394,1,0,0:0:0:0:
36,192,157605,1,0,0:0:0:0:
256,192,157816,1,0,0:0:0:0:
109,192,158028,1,0,0:0:0:0:
329,192,158239,1,0,0:0:0:0:
402,192,158450,1,0,0:0:0:0:
36,192,158450,1,0,0:0:0:0:
256,192,158873,1,0,0:0:0:0:
109,192,158873,1,0,0:0:0:0:
329,192,159084,1,0,0:0:0:0:
36,192,159295,1,0,0:0:0:0:
256,192,159507,1,0,0:0:0:0:
109,192,159718,1,0,0:0:0:0:
256,192,159929,128,0,162042:0:0:0:0:
329,192,162887,1,0,0:0:0:0:
182,192,163309,1,0,0:0:0:0:
256,192,163521,1,0,0:0:0:0:
402,192,163943,1,0,0:0:0:0:
109,192,164154,128,0,164788:0:0:0:0:
402,192,164788,128,0,165211:0:0:0:0:
182,192,165211,1,0,0:0:0:0:
256,192,165633,1,0,0:0:0:0:
329,192,165845,1,0,0:0:0:0:
402,192,166267,1,0,0:0:0:0:
402,192,166690,128,0,168380:0:0:0:0:
109,192,167746,1,0,0:0:0:0:
182,192,167957,1,0,0:0:0:0:
256,192,168169,1,0,0:0:0:0:
182,192,168380,128,0,168802:0:0:0:0:
109,192,169014,1,0,0:0:0:0:
109,192,169225,128,0,170915:0:0:0:0:
329,192,171338,128,0,171760:0:0:0:0:
256,192,171760,128,0,172183:0:0:0:0:
402,192,172183,128,0,173873:0:0:0:0:
182,192,174507,128,0,174929:0:0:0:0:
329,192,174929,1,0,0:0:0:0:
182,192,175140,128,0,175985:0:0:0:0:
402,192,175985,128,0,178521:0:0:0:0:
36,192,176619,1,0,0:0:0:0:
109,192,176830,1,0,0:0:0:0:
182,192,177042,1,0,0:0:0:0:
256,192,177464,1,0,0:0:0:0:
182,192,177676,1,0,0:0:0:0:
256,192,178098,1,0,0:0:0:0:
182,192,178309,128,0,179577:0:0:0:0:
402,192,178732,1,0,0:0:0:0:
109,192,179788,1,0,0:0:0:0:
256,192,180000,1,0,0:0:0:0:
402,192,180211,1,0,0:0:0:0:
475,192,180422,128,0,181690:0:0:0:0:
256,192,181690,1,0,0:0:0:0:
182,192,181901,1,0,0:0:0:0:
109,192,182323,1,0,0:0:0:0:
36,192,182535,1,0,0:0:0:0:
109,192,182746,1,0,0:0:0:0:
402,192,182746,128,0,183591:0:0:0:0:
182,192,183380,1,0,0:0:0:0:
182,192,183591,128,0,184014:0:0:0:0:
256,192,184014,128,0,184859:0:0:0:0:
182,192,184859,128,0,185070:0:0:0:0:
402,192,185070,128,0,185281:0:0:0:0:
182,192,185281,128,0,185704:0:0:0:0:
256,192,185704,128,0,187183:0:0:0:0:
109,192,187183,1,0,0:0:0:0:
256,192,187394,1,0,0:0:0:0:
402,192,187605,1,0,0:0:0:0:
109,192,187816,1,0,0:0:0:0:
256,192,188028,1,0,0:0:0:0:
402,192,188239,1,0,0:0:0:0:
109,192,188450,1,0,0:0:0:0:
256,192,188661,1,0,0:0:0:0:
182,192,188873,1,0,0:0:0:0:
329,192,189084,1,0,0:0:0:0:
475,192,189295,1,0,0:0:0:0:
182,192,189507,1,0,0:0:0:0:
329,192,189718,1,0,0:0:0:0:
475,192,189929,1,0,0:0:0:0:
402,192,190140,1,0,0:0:0:0:
256,192,190352,1,0,0:0:0:0:
329,192,190563,128,0,196056:0:0:0:0:
36,192,191619,1,0,0:0:0:0:
109,192,191830,1,0,0:0:0:0:
182,192,192042,128,0,196056:0:0:0:0:
